0.1 2.08508e-07
0.2 1.92258e-07
0.3 3.25459e-08
0.4 1.96574e-08
0.5 1.58657e-08
0.6 5.53042e-09
0.7 5.14906e-09
0.8 5.56331e-09
0.9 3.15411e-09
1 5.31689e-09
1.1 2.98297e-09
1.2 1.8297e-09
1.3 8.50675e-09
1.4 4.52428e-09
1.5 2.80214e-09
1.6 9.07934e-09
1.7 4.75867e-09
1.8 1.44548e-08
1.9 1.16343e-08
2 1.24549e-08
2.1 2.15641e-08
2.2 3.81463e-08
2.3 1.82662e-08
2.4 1.5413e-08
2.5 2.03786e-08
2.6 2.24341e-08
2.7 4.14151e-09
2.8 1.60676e-08
2.9 4.44094e-09
3 7.08502e-09
3.1 2.41693e-09
3.2 1.05935e-09
3.3 2.90732e-09
3.4 2.76103e-09
3.5 1.54794e-09
3.6 5.39273e-10
3.7 8.81752e-09
3.8 5.88992e-09
3.9 4.73097e-09
4 3.07788e-09
4.1 1.49851e-09
4.2 8.36581e-10
4.3 1.3495e-09
4.4 1.56419e-09
4.5 1.55019e-09
4.6 9.74945e-10
4.7 1.07413e-09
4.8 5.02434e-10
4.9 6.05004e-10
5 1.88214e-09

