0.1 5.61188e-07
0.2 2.43956e-07
0.3 3.85619e-07
0.4 2.68172e-07
0.5 6.21916e-08
0.6 4.38194e-08
0.7 2.59212e-08
0.8 2.01859e-08
0.9 1.99886e-08
1 1.09616e-08
1.1 2.29121e-08
1.2 8.5663e-09
1.3 2.0425e-08
1.4 3.13703e-08
1.5 9.70781e-09
1.6 1.04733e-08
1.7 3.68934e-08
1.8 6.57898e-08
1.9 2.50227e-08
2 2.37181e-08
2.1 7.83899e-08
2.2 3.91319e-07
2.3 3.49682e-07
2.4 5.28042e-08
2.5 1.03289e-07
2.6 9.53077e-08
2.7 2.37548e-08
2.8 2.68438e-08
2.9 3.13242e-08
3 4.80977e-08
3.1 2.75513e-08
3.2 4.82103e-09
3.3 5.83182e-09
3.4 7.20423e-09
3.5 5.37589e-09
3.6 1.52951e-08
3.7 2.51158e-08
3.8 9.34589e-09
3.9 4.9817e-09
4 1.6232e-08
4.1 9.58452e-09
4.2 1.21048e-08
4.3 1.02086e-08
4.4 1.37798e-08
4.5 6.91292e-09
4.6 1.65481e-08
4.7 4.74877e-09
4.8 1.89531e-09
4.9 2.56069e-08
5 2.42598e-08

