10 0.150233 
11 0.146744 
13 0.138997 
14 0.110247 
16 0.099019 
18 0.092138 
20 0.076068 
22 0.087313 
25 0.095800 
28 0.090637 
32 0.082215 
35 0.075446 
40 0.065651 
45 0.068166 
50 0.064559 
56 0.062212 
63 0.049237 
71 0.052852 
79 0.048443 
89 0.047965 
100 0.043806 
112 0.038646 
126 0.037806 
141 0.037108 
158 0.037689 
178 0.030515 
200 0.033499 
224 0.028773 
251 0.032037 
282 0.028800 
316 0.024828 
355 0.022948 
398 0.022960 
447 0.021738 
501 0.018908 
562 0.018962 
631 0.017469 
708 0.015855 
794 0.015431 
891 0.014927 
1000 0.015685 
1122 0.013010 
1259 0.012799 
1413 0.010428 
1585 0.010868 
1778 0.010417 
1995 0.008666 
2239 0.008635 
2512 0.009891 
2818 0.008459 
3162 0.007935 
3548 0.007016 
3981 0.006793 
4467 0.006863 
5012 0.006725 
5623 0.005908 
6310 0.005642 
7079 0.004822 
7943 0.005461 
8913 0.004872 
10000 0.004262 
11220 0.003881 
12589 0.003605 
14125 0.003853 
15849 0.003709 
17783 0.003395 
19953 0.003110 
22387 0.003314 
25119 0.002669 
28184 0.002571 
31623 0.002696 
35481 0.002348 
39811 0.002376 
44668 0.001930 
50119 0.001910 
56234 0.001684 
63096 0.001903 
70795 0.001537 
79433 0.001864 
89125 0.001415 
100000 0.001393 
112202 0.001234 
125893 0.001190 
141254 0.001025 
158489 0.001027 
177828 0.000946 
199526 0.000946 
223872 0.001048 
251189 0.000794 
281838 0.000782 
316228 0.000802 
354813 0.000750 
398107 0.000703 
446684 0.000600 
501187 0.000643 
562341 0.000542 
630957 0.000536 
707946 0.000513 
794328 0.000458 
891251 0.000431 
1000000 0.000428 
