0.1 0.978091
0.2 0.979187
0.3 0.978617
0.4 0.979858
0.5 0.979237
0.6 0.979883
0.7 0.979068
0.8 0.979334
0.9 0.97828
1 0.978055
1.1 0.978422
1.2 0.97544
1.3 0.975295
1.4 0.973024
1.5 0.971517
1.6 0.970058
1.7 0.965337
1.8 0.924731
1.9 0.910364
2 0.895876
2.1 0.820382
2.2 0.761866
2.3 0.399075
2.4 0.429425
2.5 0.257509
2.6 0.199554
2.7 0.18622
2.8 0.179643
2.9 0.160107
3 0.124197
3.1 0.116258
3.2 0.102293
3.3 0.1058
3.4 0.109079
3.5 0.0977492
3.6 0.0961618
3.7 0.0888002
3.8 0.0861335
3.9 0.0886364
4 0.078158
4.1 0.0841717
4.2 0.0791166
4.3 0.0765964
4.4 0.0725549
4.5 0.0711754
4.6 0.0729817
4.7 0.0703934
4.8 0.0689135
4.9 0.0671047
5 0.0655223

