1 1
2 0.65247
3 0.486045
4 0.390426
5 0.326302
6 0.281852
7 0.249297
8 0.226197
9 0.204673
10 0.188805
11 0.173708
12 0.15976
13 0.146702
14 0.136184
15 0.129446
16 0.119148
17 0.110179
18 0.10662
19 0.103541
20 0.100676
21 0.0962461
22 0.0911026
23 0.0860755
24 0.0787057
25 0.0727223
26 0.0685414
27 0.0618482
28 0.0631852
29 0.0629377
30 0.0612959
31 0.0572208
32 0.0569148
33 0.0517375
34 0.0478359
35 0.0465757
36 0.0451908
37 0.0450004
38 0.0463993
39 0.0459185
40 0.0448244
41 0.0454424
42 0.0437938
43 0.0419429
44 0.0403759
45 0.0388639
46 0.0372731
47 0.0377134
48 0.0380446
49 0.0405174
50 0.0392548
51 0.0351857
52 0.0310418
53 0.0285049
54 0.0250778
55 0.0240197
56 0.0208151
57 0.0203613
58 0.0210642
59 0.0179433
60 0.015525
61 0.0171898
62 0.018176
63 0.0172993
64 0.0154542
65 0.0136346
66 0.0101961
67 0.0122409
68 0.0106043
69 0.0112574
70 0.0107124
71 0.0119826
72 0.0111151
73 0.0126362
74 0.0139142
75 0.0123917
76 0.0131401
77 0.0154877
78 0.0165838
79 0.0161571
80 0.0150205
81 0.0152964
82 0.0160293
83 0.0162653
84 0.0148824
85 0.0138751
86 0.0153341
87 0.0166897
88 0.0187173
89 0.0168987
90 0.017278
91 0.0185807
92 0.0173615
93 0.0169898
94 0.0176871
95 0.0169184
96 0.0162938
97 0.01827
98 0.0161885
99 0.0129564
100 0.012216
101 0.0145636
102 0.0139358
103 0.0111759
104 0.0109885
105 0.0100142
106 0.0115291
107 0.0122721
108 0.012707
109 0.0151409
110 0.0158018
111 0.0142643
112 0.0136499
113 0.0122758
114 0.0102283
115 0.0138049
116 0.0169127
117 0.0157041
118 0.0172712
119 0.0177651
120 0.016351
121 0.0145446
122 0.0124775
123 0.0127345
124 0.0131797
125 0.014482
126 0.0116039
127 0.0122822
128 0.0149793
129 0.0152226
130 0.0147192
131 0.0121247
132 0.0107405
133 0.0123661
134 0.0104979
135 0.0102031
136 0.00831558
137 0.00817638
138 0.00755962
139 0.00867511
140 0.00889629
141 0.00649335
142 0.00597977
143 0.0053383
144 0.00398427
145 0.00500622
146 0.00848387
147 0.00770104
148 0.00553491
149 0.00709673
150 0.00424127
151 0.00200798
152 0.000914977
153 0.00210327
154 0.00339963
155 0.00252709
156 0.000458336
157 0.00191653
