2 0.920921
3 0.896888
4 0.881571
5 0.874764
6 0.859308
7 0.846001
8 0.838364
9 0.819301
10 0.810347
11 0.816657
12 0.791851
13 0.772200
14 0.759944
15 0.752901
16 0.758670
17 0.737034
18 0.730019
19 0.735561
20 0.723950
21 0.721597
22 0.733917
23 0.720090
24 0.723859
25 0.711903
26 0.707861
27 0.714235
28 0.701624
29 0.694179
30 0.676587
31 0.664039
32 0.682570
33 0.694095
34 0.684081
35 0.672403
36 0.671337
37 0.666834
38 0.674160
39 0.673659
40 0.666985
41 0.650013
42 0.656264
43 0.650908
44 0.644006
45 0.648032
46 0.641517
47 0.636556
48 0.640330
49 0.639069
50 0.635450
51 0.650452
52 0.635193
53 0.641133
54 0.618194
55 0.624552
56 0.609588
57 0.611635
58 0.636003
59 0.631958
60 0.624638
61 0.616614
62 0.637673
63 0.626736
64 0.621802
65 0.623272
66 0.612840
67 0.589534
68 0.584581
69 0.599497
70 0.631938
71 0.621067
72 0.610527
73 0.614054
74 0.599901
75 0.607473
76 0.604808
77 0.610252
78 0.607605
79 0.578967
80 0.585430
81 0.586781
82 0.570977
83 0.575013
84 0.594442
85 0.595726
86 0.602142
87 0.608108
88 0.591069
89 0.589608
90 0.596488
91 0.587870
92 0.579185
93 0.575088
94 0.563122
95 0.554240
96 0.558166
97 0.566766
98 0.561811
99 0.571725
100 0.558669
101 0.577859
102 0.567026
103 0.543845
104 0.560112
105 0.580172
106 0.568076
107 0.562799
108 0.586322
109 0.585936
110 0.567307
111 0.562158
112 0.565380
113 0.557304
114 0.575278
115 0.575872
116 0.582041
117 0.590240
118 0.581155
119 0.573969
120 0.555827
121 0.546209
122 0.541052
123 0.535555
124 0.544067
125 0.549050
126 0.547535
127 0.545405
128 0.549270
129 0.539532
130 0.545834
131 0.547313
132 0.529083
133 0.508226
134 0.493963
135 0.485411
136 0.480330
137 0.481644
138 0.473133
139 0.499132
140 0.468353
141 0.456727
142 0.466912
143 0.467264
144 0.487420
145 0.458055
146 0.463281
147 0.428211
148 0.439889
149 0.435182
150 0.408124
151 0.404824
152 0.427067
153 0.423398
154 0.419617
155 0.409935
156 0.415352
157 0.423176
158 0.433563
159 0.456864
160 0.469886
161 0.469688
162 0.457966
163 0.444137
164 0.449369
165 0.447993
166 0.445409
167 0.457030
168 0.476317
169 0.476864
170 0.460624
171 0.438720
172 0.410816
173 0.422357
174 0.432776
175 0.418733
176 0.427498
177 0.450944
178 0.448295
179 0.458209
180 0.445149
181 0.449280
182 0.454399
183 0.447610
184 0.445370
185 0.481708
186 0.492275
187 0.502746
188 0.518679
189 0.504507
190 0.520809
191 0.507446
192 0.476123
193 0.486316
194 0.464145
195 0.482921
196 0.498463
197 0.500481
198 0.507492
199 0.520128
200 0.519516
201 0.522643
202 0.548547
203 0.549809
204 0.553093
205 0.550109
206 0.554400
207 0.543464
208 0.547122
209 0.539467
210 0.546516
211 0.564758
212 0.587079
213 0.582004
214 0.582589
215 0.610468
216 0.605369
217 0.612314
218 0.604919
219 0.596905
220 0.605340
221 0.613819
222 0.603811
223 0.584274
224 0.589509
225 0.586266
226 0.580190
227 0.565123
228 0.549320
229 0.570086
230 0.575390
231 0.584477
232 0.589861
233 0.586969
234 0.582840
235 0.570199
236 0.548430
237 0.533345
238 0.548056
239 0.552324
240 0.537245
241 0.532620
242 0.541117
243 0.529092
244 0.522172
245 0.517746
246 0.521750
247 0.532940
248 0.489118
249 0.485543
250 0.491271
251 0.509064
252 0.515259
253 0.512836
254 0.533785
255 0.516695
256 0.533950
257 0.540174
258 0.553574
259 0.543354
260 0.549392
261 0.547656
262 0.552905
263 0.529548
264 0.524020
265 0.504239
266 0.496685
267 0.493946
268 0.506661
269 0.515353
270 0.519978
271 0.515298
272 0.519292
273 0.511406
274 0.512406
275 0.513522
276 0.515309
277 0.514314
278 0.500108
279 0.492472
280 0.466574
281 0.463758
282 0.457256
283 0.454156
284 0.463251
285 0.481815
286 0.492302
287 0.495704
288 0.489565
289 0.503065
290 0.501969
291 0.490998
292 0.489602
293 0.518711
294 0.511628
295 0.510916
296 0.504422
297 0.513494
298 0.505157
299 0.489944
300 0.496360
301 0.494482
302 0.512229
303 0.536740
304 0.527483
305 0.518022
306 0.522066
307 0.531886
308 0.533605
309 0.533857
310 0.542265
311 0.565794
312 0.555174
313 0.534517
314 0.528239
315 0.537819
316 0.517708
317 0.523873
318 0.523353
319 0.507894
320 0.497120
321 0.515126
322 0.513111
323 0.514875
324 0.513703
325 0.495748
326 0.509473
327 0.492277
328 0.494636
329 0.492016
330 0.481849
331 0.509923
332 0.506906
333 0.492191
334 0.474566
335 0.466841
336 0.450298
337 0.448139
338 0.444643
339 0.445449
340 0.454658
341 0.462836
342 0.446663
343 0.438605
344 0.444291
345 0.457079
346 0.482892
347 0.488470
348 0.491702
349 0.477096
350 0.465237
351 0.460688
352 0.433505
353 0.438633
354 0.450376
355 0.439928
356 0.436168
357 0.430720
358 0.446736
359 0.437605
360 0.425276
361 0.435703
362 0.433626
363 0.413187
364 0.429341
365 0.426039
366 0.459017
367 0.459518
368 0.444454
369 0.455203
370 0.465785
371 0.441974
372 0.437367
373 0.442437
374 0.426700
375 0.425987
376 0.430148
377 0.412184
378 0.414028
379 0.403570
380 0.430036
381 0.415618
382 0.420444
383 0.432231
384 0.460451
385 0.460609
386 0.465883
387 0.460843
388 0.450053
389 0.464119
390 0.478939
391 0.473205
392 0.471648
393 0.471735
394 0.463756
395 0.442942
396 0.449250
397 0.432735
398 0.435105
399 0.425620
400 0.421898
401 0.418243
402 0.412211
403 0.420332
404 0.428098
405 0.411844
406 0.417415
407 0.401863
408 0.403023
409 0.395911
410 0.402437
411 0.398680
412 0.412734
413 0.416324
414 0.419306
415 0.425700
416 0.420703
417 0.420730
418 0.408803
419 0.411454
420 0.413618
421 0.421822
422 0.412188
423 0.401449
424 0.403768
425 0.406021
426 0.411168
427 0.430348
428 0.422804
429 0.430417
430 0.420971
431 0.434039
432 0.427546
433 0.432558
434 0.409445
435 0.385424
436 0.390181
437 0.391078
438 0.400541
439 0.402876
440 0.398560
441 0.375521
442 0.368142
443 0.360543
444 0.363569
445 0.357468
446 0.373491
447 0.356508
448 0.367346
449 0.359674
450 0.366245
451 0.383229
452 0.398971
453 0.397198
454 0.392341
455 0.379923
456 0.385065
457 0.377460
458 0.395243
459 0.400129
460 0.409005
461 0.406123
462 0.401805
463 0.407683
464 0.392119
465 0.392566
466 0.388488
467 0.391518
468 0.359929
469 0.376408
470 0.368666
471 0.369153
472 0.348067
473 0.335381
474 0.328044
475 0.318914
476 0.330571
477 0.349097
478 0.349954
479 0.351947
480 0.363469
481 0.363607
482 0.378902
483 0.383580
484 0.405283
485 0.402674
486 0.411568
487 0.417276
488 0.419291
489 0.418270
490 0.398693
491 0.384990
492 0.401125
493 0.409495
494 0.415315
495 0.441296
496 0.419295
497 0.443227
498 0.452367
499 0.436656
500 0.431577
501 0.446534
502 0.452309
503 0.442598
504 0.446811
505 0.443287
506 0.453165
507 0.455050
508 0.462432
509 0.453818
510 0.441869
511 0.463358
512 0.461470
513 0.444250
514 0.435328
515 0.464621
516 0.463431
517 0.484668
518 0.499461
519 0.475731
520 0.475695
521 0.495173
522 0.496107
523 0.482857
524 0.465765
525 0.460876
526 0.464462
527 0.465752
528 0.460388
529 0.457086
530 0.462256
531 0.450426
532 0.481806
533 0.463504
534 0.472438
535 0.480285
536 0.496090
537 0.505719
538 0.508990
539 0.500890
540 0.512212
541 0.506261
542 0.501808
543 0.500229
544 0.492232
545 0.511280
546 0.495874
547 0.501825
548 0.471232
549 0.464455
550 0.471847
551 0.472758
552 0.474221
553 0.487931
554 0.473172
555 0.469302
556 0.458884
557 0.477337
558 0.483966
559 0.469208
560 0.451368
561 0.455986
562 0.445764
563 0.440956
564 0.462116
565 0.487280
566 0.484645
567 0.499988
568 0.505219
569 0.500706
570 0.475370
571 0.502844
572 0.514451
573 0.504725
574 0.523817
575 0.525459
576 0.520392
577 0.528383
578 0.501750
579 0.492191
580 0.512270
581 0.527100
582 0.523359
583 0.511534
584 0.517122
585 0.523196
586 0.510325
587 0.501716
588 0.493479
589 0.485211
590 0.498506
591 0.521382
592 0.513789
593 0.517164
594 0.514798
595 0.493492
596 0.473887
597 0.469647
598 0.471130
599 0.467115
600 0.461718
601 0.492047
602 0.495719
603 0.502437
604 0.497585
605 0.491526
606 0.495029
607 0.480415
608 0.473260
609 0.486713
610 0.478375
611 0.482261
612 0.475262
613 0.476992
614 0.452947
615 0.449697
616 0.454793
617 0.456372
618 0.465605
619 0.453306
620 0.462227
621 0.459315
622 0.460483
623 0.455247
624 0.451569
625 0.446365
626 0.440249
627 0.460971
628 0.442339
629 0.425499
630 0.423623
631 0.448243
632 0.456200
633 0.457141
634 0.465015
635 0.468834
636 0.465998
637 0.462489
638 0.473022
639 0.462920
640 0.461442
641 0.459909
642 0.427658
643 0.401084
644 0.375190
645 0.359336
646 0.388365
647 0.389855
648 0.382292
649 0.357755
650 0.333242
651 0.319273
652 0.315658
653 0.331439
654 0.304508
655 0.308779
656 0.298981
657 0.309209
658 0.306554
659 0.300333
660 0.292666
661 0.294736
662 0.308645
663 0.296796
664 0.294638
665 0.294966
666 0.288824
667 0.292642
668 0.300941
669 0.317399
670 0.324721
671 0.303854
672 0.301035
673 0.326781
674 0.329033
675 0.324132
676 0.333784
677 0.337323
678 0.329492
679 0.329738
680 0.331129
681 0.320930
682 0.318369
683 0.333540
684 0.355441
685 0.363302
686 0.353985
687 0.358423
688 0.344355
689 0.351111
690 0.374123
691 0.372276
692 0.401932
693 0.398415
694 0.395037
695 0.389469
696 0.390993
697 0.384040
698 0.393531
699 0.401773
700 0.410051
701 0.400891
702 0.405459
703 0.393693
704 0.413548
705 0.412203
706 0.415814
707 0.417965
708 0.407933
709 0.394164
710 0.388847
711 0.369154
712 0.373462
713 0.376064
714 0.376809
715 0.358200
716 0.349410
717 0.354102
718 0.361151
719 0.364392
720 0.359196
721 0.360370
722 0.362173
723 0.374417
724 0.359943
725 0.363037
726 0.362538
727 0.361923
728 0.377252
729 0.382819
730 0.367078
731 0.364571
732 0.370724
733 0.392229
734 0.422140
735 0.419325
736 0.441803
737 0.436195
738 0.441310
739 0.448640
740 0.451040
741 0.448724
742 0.476215
743 0.470429
744 0.477127
745 0.452970
746 0.445445
747 0.429479
748 0.428170
749 0.426152
750 0.434866
751 0.439652
752 0.461097
753 0.486476
754 0.477745
755 0.477845
756 0.461198
757 0.459990
758 0.461223
759 0.455781
760 0.446273
761 0.466569
762 0.484342
763 0.493938
764 0.510363
765 0.517632
766 0.529080
767 0.531033
768 0.523840
769 0.526394
770 0.515340
771 0.500568
772 0.497690
773 0.525065
774 0.541070
775 0.542628
776 0.556543
777 0.538284
778 0.522278
779 0.521593
780 0.533391
781 0.527051
782 0.545650
783 0.553890
784 0.556581
785 0.556328
786 0.573549
787 0.583725
788 0.594164
789 0.592438
790 0.610885
791 0.599134
792 0.610902
793 0.633080
794 0.625047
795 0.627440
796 0.637355
797 0.654647
798 0.643455
799 0.638216
800 0.635303
801 0.629333
802 0.621689
803 0.604762
804 0.602092
805 0.592115
806 0.595459
807 0.608734
808 0.587311
809 0.596494
810 0.596754
811 0.603540
812 0.590527
813 0.588559
814 0.595715
815 0.572301
816 0.577065
817 0.591132
818 0.592923
819 0.600865
820 0.598274
821 0.584707
822 0.580222
823 0.585072
824 0.580911
825 0.569078
826 0.573133
827 0.567813
828 0.554621
829 0.571196
830 0.560170
831 0.569720
832 0.568626
833 0.547787
834 0.557151
835 0.574140
836 0.597250
837 0.604479
838 0.614166
839 0.610118
840 0.590640
841 0.604778
842 0.595100
843 0.617004
844 0.595643
845 0.616113
846 0.608409
847 0.598630
848 0.600788
849 0.612315
850 0.614219
851 0.615980
852 0.614446
853 0.618464
854 0.620397
855 0.614583
856 0.633944
857 0.626688
858 0.640408
859 0.657383
860 0.645012
861 0.649739
862 0.614232
863 0.622237
864 0.634370
865 0.628415
866 0.627584
867 0.635184
868 0.642743
869 0.644109
870 0.648884
871 0.642868
872 0.638701
873 0.639916
874 0.648775
875 0.646251
876 0.642128
877 0.649383
878 0.674684
879 0.671862
880 0.687101
881 0.668871
882 0.664654
883 0.657053
884 0.645738
885 0.658926
886 0.661189
887 0.654774
888 0.644384
889 0.653041
890 0.627633
891 0.636626
892 0.663817
893 0.671060
894 0.675930
895 0.671967
896 0.674025
897 0.699691
898 0.693174
899 0.677120
900 0.679112
901 0.690546
902 0.692791
903 0.687838
904 0.692260
905 0.681943
906 0.700273
907 0.684666
908 0.671877
909 0.678019
910 0.677179
911 0.691766
912 0.694745
913 0.689696
914 0.705040
915 0.709013
916 0.711128
917 0.703670
918 0.708634
919 0.705085
920 0.716093
921 0.716264
922 0.710891
923 0.714740
924 0.710034
925 0.699105
926 0.703984
927 0.699664
928 0.691819
929 0.709023
930 0.698922
931 0.692048
932 0.682751
933 0.685861
934 0.687297
935 0.682577
936 0.666363
937 0.664403
938 0.657437
939 0.651212
940 0.643239
941 0.639380
942 0.635063
943 0.666661
944 0.646075
945 0.642157
946 0.625084
947 0.638285
948 0.637925
949 0.637675
950 0.643806
951 0.648856
952 0.650063
953 0.656981
954 0.652756
955 0.679663
956 0.663777
957 0.647908
958 0.648067
959 0.654318
960 0.670944
961 0.664972
962 0.666916
963 0.650721
964 0.641938
965 0.652987
966 0.657428
967 0.637282
968 0.619190
969 0.639708
970 0.633703
971 0.632298
972 0.639663
973 0.635679
974 0.638196
975 0.669252
976 0.653331
977 0.653146
978 0.638269
979 0.628262
980 0.640559
981 0.644987
982 0.634731
983 0.640657
984 0.643882
985 0.623426
986 0.647457
987 0.634551
988 0.635502
989 0.626793
990 0.616346
991 0.586643
992 0.580195
993 0.589027
994 0.595304
995 0.592667
996 0.610746
997 0.607091
998 0.612300
999 0.600236
1000 0.599015
1001 0.599741
1002 0.611727
1003 0.592237
1004 0.599980
1005 0.621909
1006 0.615518
1007 0.591390
1008 0.607663
1009 0.599933
1010 0.625005
1011 0.630881
1012 0.651989
1013 0.663610
1014 0.674294
1015 0.669882
1016 0.658934
1017 0.685993
1018 0.683540
1019 0.674973
1020 0.661186
1021 0.630829
1022 0.629165
1023 0.640739
1024 0.632224
1025 0.626879
1026 0.596598
1027 0.611567
1028 0.596327
1029 0.599870
1030 0.584155
1031 0.554870
1032 0.561201
1033 0.563763
1034 0.563167
1035 0.562319
1036 0.559210
1037 0.546742
1038 0.568644
1039 0.579355
1040 0.578353
1041 0.559036
1042 0.547165
1043 0.552179
1044 0.548672
1045 0.537628
1046 0.546647
1047 0.550867
1048 0.549219
1049 0.541418
1050 0.543020
1051 0.549266
1052 0.556139
1053 0.552713
1054 0.549605
1055 0.560134
1056 0.546958
1057 0.552746
1058 0.546660
1059 0.543795
1060 0.547261
1061 0.522793
1062 0.545325
1063 0.545907
1064 0.542508
1065 0.545100
1066 0.544094
1067 0.541171
1068 0.538880
1069 0.543590
1070 0.538305
1071 0.560562
1072 0.565371
1073 0.575135
1074 0.574811
1075 0.579791
1076 0.581250
1077 0.589766
1078 0.580649
1079 0.587705
1080 0.588844
1081 0.598788
1082 0.602745
1083 0.613001
1084 0.607942
1085 0.605846
1086 0.605443
1087 0.587497
1088 0.584855
1089 0.590008
1090 0.594701
1091 0.607411
1092 0.586675
1093 0.597234
1094 0.584705
1095 0.583840
1096 0.579458
1097 0.601510
1098 0.590618
1099 0.588763
1100 0.571669
1101 0.543484
1102 0.541039
1103 0.542639
1104 0.538074
1105 0.537129
1106 0.528085
1107 0.519380
1108 0.511923
1109 0.524547
1110 0.544540
1111 0.543571
1112 0.524834
1113 0.523906
1114 0.548499
1115 0.543552
1116 0.550785
1117 0.568545
1118 0.585216
1119 0.571484
1120 0.585498
1121 0.594817
1122 0.615323
1123 0.605002
1124 0.606520
1125 0.588365
1126 0.570731
1127 0.579106
1128 0.554266
1129 0.553404
1130 0.554735
1131 0.568824
1132 0.574719
1133 0.577748
1134 0.573159
1135 0.562306
1136 0.552640
1137 0.569232
1138 0.559958
1139 0.564365
1140 0.559602
1141 0.523405
1142 0.544894
1143 0.558485
1144 0.564790
1145 0.576667
1146 0.578282
1147 0.561207
1148 0.569909
1149 0.558535
1150 0.545416
1151 0.552478
1152 0.565685
1153 0.575997
1154 0.567824
1155 0.590016
1156 0.613623
1157 0.600020
1158 0.575527
1159 0.565155
1160 0.573262
1161 0.575815
1162 0.591482
1163 0.570538
1164 0.561789
1165 0.565746
1166 0.573174
1167 0.574089
1168 0.576543
1169 0.572438
1170 0.576211
1171 0.569727
1172 0.583443
1173 0.579755
1174 0.573923
1175 0.596488
1176 0.582871
1177 0.576466
1178 0.570515
1179 0.589233
1180 0.603896
1181 0.608005
1182 0.605503
1183 0.605317
1184 0.634076
1185 0.636587
1186 0.626597
1187 0.626826
1188 0.626356
1189 0.610736
1190 0.612637
1191 0.600333
1192 0.599105
1193 0.631805
1194 0.622419
1195 0.634456
1196 0.630211
1197 0.640473
1198 0.644390
1199 0.653254
1200 0.650849
1201 0.644954
1202 0.634011
1203 0.626726
1204 0.626962
1205 0.618059
1206 0.601786
1207 0.583342
1208 0.593378
1209 0.579314
1210 0.587627
1211 0.590462
1212 0.587997
1213 0.604854
1214 0.592623
1215 0.579933
1216 0.590935
1217 0.599772
1218 0.593960
1219 0.596544
1220 0.574509
1221 0.587394
1222 0.585891
1223 0.590638
1224 0.603820
1225 0.611399
1226 0.607379
1227 0.590167
1228 0.592154
1229 0.584285
1230 0.598987
1231 0.605784
1232 0.615112
1233 0.628066
1234 0.628848
1235 0.626084
1236 0.622380
1237 0.616729
1238 0.623036
1239 0.609305
1240 0.612873
1241 0.614565
1242 0.615178
1243 0.605940
1244 0.611102
1245 0.636472
1246 0.626222
1247 0.646930
1248 0.636699
1249 0.639225
1250 0.638109
1251 0.621463
1252 0.624656
1253 0.640211
1254 0.643359
1255 0.653047
1256 0.634547
1257 0.642463
1258 0.643710
1259 0.674253
1260 0.681461
1261 0.665789
1262 0.664519
1263 0.664494
1264 0.657375
1265 0.650930
1266 0.647705
1267 0.625732
1268 0.630733
1269 0.616967
1270 0.640711
1271 0.655895
1272 0.658568
1273 0.671572
1274 0.651500
1275 0.659400
1276 0.665814
1277 0.654158
1278 0.645796
1279 0.647806
1280 0.641199
1281 0.648317
1282 0.629129
1283 0.628523
1284 0.609239
1285 0.611982
1286 0.615263
1287 0.615025
1288 0.597122
1289 0.597424
1290 0.594030
1291 0.583695
1292 0.589967
1293 0.603065
1294 0.594451
1295 0.598293
1296 0.614349
1297 0.623374
1298 0.614580
1299 0.627957
1300 0.611393
1301 0.599660
1302 0.587342
1303 0.591480
1304 0.611308
1305 0.599446
1306 0.613914
1307 0.612432
1308 0.614102
1309 0.601395
1310 0.591093
1311 0.592032
1312 0.586470
1313 0.558159
1314 0.543636
1315 0.558609
1316 0.562588
1317 0.578956
1318 0.606311
1319 0.602850
1320 0.598399
1321 0.593151
1322 0.599338
1323 0.599250
1324 0.586191
1325 0.565558
1326 0.578795
1327 0.575009
1328 0.567322
1329 0.570758
1330 0.575092
1331 0.565730
1332 0.566934
1333 0.559797
1334 0.555664
1335 0.559661
1336 0.557034
1337 0.537203
1338 0.533653
1339 0.524947
1340 0.522110
1341 0.531691
1342 0.557372
1343 0.557725
1344 0.561169
1345 0.546296
1346 0.558076
1347 0.558639
1348 0.560150
1349 0.553289
1350 0.543826
1351 0.533577
1352 0.525843
1353 0.537329
1354 0.535627
1355 0.561926
1356 0.567891
1357 0.571975
1358 0.582040
1359 0.597247
1360 0.607389
1361 0.617482
1362 0.618758
1363 0.607045
1364 0.598134
1365 0.602046
1366 0.620195
1367 0.610859
1368 0.598072
1369 0.590455
1370 0.578795
1371 0.566132
1372 0.561346
1373 0.546728
1374 0.557843
1375 0.543697
1376 0.575476
1377 0.586541
1378 0.583242
1379 0.577712
1380 0.579716
1381 0.592343
1382 0.600618
1383 0.612673
1384 0.604441
1385 0.594894
1386 0.594946
1387 0.599105
1388 0.604544
1389 0.588422
1390 0.596872
1391 0.594724
1392 0.607918
1393 0.587825
1394 0.576086
1395 0.596903
1396 0.584929
1397 0.563291
1398 0.568919
1399 0.553516
1400 0.553528
1401 0.552529
1402 0.541770
1403 0.527397
1404 0.532221
1405 0.491422
1406 0.490154
1407 0.487706
1408 0.491531
1409 0.488635
1410 0.472844
1411 0.485004
1412 0.478552
1413 0.475009
1414 0.472518
1415 0.484466
1416 0.491166
1417 0.504190
1418 0.532539
1419 0.535645
1420 0.529859
1421 0.521032
1422 0.532891
1423 0.515812
1424 0.525247
1425 0.534437
1426 0.533938
1427 0.554811
1428 0.554721
1429 0.553134
1430 0.548459
1431 0.556274
1432 0.539169
1433 0.541032
1434 0.555839
1435 0.538350
1436 0.534246
1437 0.536328
1438 0.549928
1439 0.548345
1440 0.548850
1441 0.529075
1442 0.532904
1443 0.534137
1444 0.548209
1445 0.538958
1446 0.534509
1447 0.529199
1448 0.543954
1449 0.509504
1450 0.529363
1451 0.516962
1452 0.520583
1453 0.524828
1454 0.527045
1455 0.528075
1456 0.519501
1457 0.510637
1458 0.506659
1459 0.515448
1460 0.514756
1461 0.533330
1462 0.533359
1463 0.538605
1464 0.547417
1465 0.535516
1466 0.539079
1467 0.541206
1468 0.538490
1469 0.523319
1470 0.526471
1471 0.542191
1472 0.546074
1473 0.548775
1474 0.571859
1475 0.591372
1476 0.606252
1477 0.600961
1478 0.580046
1479 0.563206
1480 0.554417
1481 0.570608
1482 0.579146
1483 0.578321
1484 0.583703
1485 0.586825
1486 0.582101
1487 0.581447
1488 0.593299
1489 0.580586
1490 0.582490
1491 0.596135
1492 0.582430
1493 0.579099
1494 0.592586
1495 0.567262
1496 0.568683
1497 0.566107
1498 0.558568
1499 0.568737
1500 0.574227
1501 0.574322
1502 0.579029
1503 0.578547
1504 0.574602
1505 0.593110
1506 0.572584
1507 0.541816
1508 0.552307
1509 0.565879
1510 0.561100
1511 0.561713
1512 0.577000
1513 0.582219
1514 0.569400
1515 0.558025
1516 0.549450
1517 0.538697
1518 0.553266
1519 0.565896
1520 0.580774
1521 0.597525
1522 0.606070
1523 0.606530
1524 0.606186
1525 0.612092
1526 0.605966
1527 0.626802
1528 0.625415
1529 0.623092
1530 0.606824
1531 0.612423
1532 0.603425
1533 0.603215
1534 0.607162
1535 0.609833
1536 0.604359
1537 0.604389
1538 0.600884
1539 0.612245
1540 0.628524
1541 0.604055
1542 0.621861
1543 0.609673
1544 0.603339
1545 0.610401
1546 0.576744
1547 0.552964
1548 0.565444
1549 0.595029
1550 0.587009
1551 0.588942
1552 0.582697
1553 0.577578
1554 0.570609
1555 0.549151
1556 0.541711
1557 0.526953
1558 0.542380
1559 0.532915
1560 0.505354
1561 0.517958
1562 0.511236
1563 0.507774
1564 0.522013
1565 0.529894
1566 0.545874
1567 0.558079
1568 0.542533
1569 0.530972
1570 0.526769
1571 0.521568
1572 0.503090
1573 0.512383
1574 0.502734
1575 0.498690
1576 0.505650
1577 0.502992
1578 0.513528
1579 0.530053
1580 0.520459
1581 0.503526
1582 0.515688
1583 0.518228
1584 0.502449
1585 0.505476
1586 0.516823
1587 0.525852
1588 0.522027
1589 0.518728
1590 0.516143
1591 0.501530
1592 0.519892
1593 0.506827
1594 0.506808
1595 0.497383
1596 0.525322
1597 0.525104
1598 0.520222
1599 0.509155
1600 0.515726
1601 0.526048
1602 0.509736
1603 0.517041
1604 0.522329
1605 0.528510
1606 0.535051
1607 0.531007
1608 0.532755
1609 0.539789
1610 0.536591
1611 0.509725
1612 0.499847
1613 0.499349
1614 0.500660
1615 0.505356
1616 0.530376
1617 0.534746
1618 0.517502
1619 0.533576
1620 0.534039
1621 0.528135
1622 0.528169
1623 0.522378
1624 0.525293
1625 0.539973
1626 0.543923
1627 0.530688
1628 0.555057
1629 0.549970
1630 0.543823
1631 0.542404
1632 0.549722
1633 0.542162
1634 0.554327
1635 0.552809
1636 0.552257
1637 0.538659
1638 0.514946
1639 0.517126
1640 0.519576
1641 0.514876
1642 0.537376
1643 0.569767
1644 0.580201
1645 0.574921
1646 0.562104
1647 0.554863
1648 0.563561
1649 0.573759
1650 0.558143
1651 0.567869
1652 0.561918
1653 0.556995
1654 0.542447
1655 0.550658
1656 0.568597
1657 0.571369
1658 0.578048
1659 0.593346
1660 0.577964
1661 0.571104
1662 0.591806
1663 0.585787
1664 0.596110
1665 0.608122
1666 0.610125
1667 0.603420
1668 0.574325
1669 0.576324
1670 0.552372
1671 0.507586
1672 0.495797
1673 0.510537
1674 0.528400
1675 0.530774
1676 0.536104
1677 0.516827
1678 0.515088
1679 0.493046
1680 0.483046
1681 0.479611
1682 0.479433
1683 0.478609
1684 0.463893
1685 0.467206
1686 0.466793
1687 0.478816
1688 0.492403
1689 0.481349
1690 0.470295
1691 0.473589
1692 0.482464
1693 0.468855
1694 0.463436
1695 0.469943
1696 0.475802
1697 0.466080
1698 0.461281
1699 0.475683
1700 0.491878
1701 0.498574
1702 0.488363
1703 0.499479
1704 0.513671
1705 0.508322
1706 0.515503
1707 0.519700
1708 0.530526
1709 0.540435
1710 0.562815
1711 0.567523
1712 0.573482
1713 0.569912
1714 0.572722
1715 0.580596
1716 0.567981
1717 0.563919
1718 0.562865
1719 0.557706
1720 0.567759
1721 0.571944
1722 0.561489
1723 0.537192
1724 0.551442
1725 0.532325
1726 0.511711
1727 0.510332
1728 0.522069
1729 0.510827
1730 0.500731
1731 0.508863
1732 0.506974
1733 0.496509
1734 0.499924
1735 0.507529
1736 0.517395
1737 0.538082
1738 0.543874
1739 0.549411
1740 0.549500
1741 0.532252
1742 0.529318
1743 0.526413
1744 0.503891
1745 0.517715
1746 0.529304
1747 0.525010
1748 0.526681
1749 0.503230
1750 0.509735
1751 0.514192
1752 0.509654
1753 0.503939
1754 0.511044
1755 0.530698
1756 0.520283
1757 0.523664
1758 0.526398
1759 0.508956
1760 0.494257
1761 0.478309
1762 0.475769
1763 0.461829
1764 0.466240
1765 0.491275
1766 0.503637
1767 0.493388
1768 0.489998
1769 0.488732
1770 0.457760
1771 0.483113
1772 0.483354
1773 0.495100
1774 0.511147
1775 0.484179
1776 0.510601
1777 0.500802
1778 0.470124
1779 0.473233
1780 0.480996
1781 0.499996
1782 0.482652
1783 0.467793
1784 0.461858
1785 0.458246
1786 0.473217
1787 0.485942
1788 0.472337
1789 0.474472
1790 0.495896
1791 0.467401
1792 0.473550
1793 0.461088
1794 0.472983
1795 0.470559
1796 0.471942
1797 0.458680
1798 0.446110
1799 0.447329
1800 0.458000
1801 0.437804
1802 0.456683
1803 0.482849
1804 0.503908
1805 0.503249
1806 0.494123
1807 0.495722
1808 0.506052
1809 0.508110
1810 0.501093
1811 0.487947
1812 0.496810
1813 0.476055
1814 0.480333
1815 0.466716
1816 0.507581
1817 0.515139
1818 0.513549
1819 0.524069
1820 0.524493
1821 0.525284
1822 0.528458
1823 0.511037
1824 0.512424
1825 0.508058
1826 0.512466
1827 0.519002
1828 0.528534
1829 0.534746
1830 0.533410
1831 0.552407
1832 0.539639
1833 0.570262
1834 0.582035
1835 0.574649
1836 0.569534
1837 0.572079
1838 0.578622
1839 0.561358
1840 0.575989
1841 0.578300
1842 0.551615
1843 0.548803
1844 0.538280
1845 0.520662
1846 0.524645
1847 0.532029
1848 0.525732
1849 0.544453
1850 0.538661
1851 0.540274
1852 0.563630
1853 0.572505
1854 0.572768
1855 0.576330
1856 0.588990
1857 0.590254
1858 0.573024
1859 0.551679
1860 0.538133
1861 0.512652
1862 0.520654
1863 0.532995
1864 0.536338
1865 0.539483
1866 0.527787
1867 0.532436
1868 0.538991
1869 0.564019
1870 0.584809
1871 0.600870
1872 0.605439
1873 0.600106
1874 0.591515
1875 0.600988
1876 0.591103
1877 0.595108
1878 0.582634
1879 0.556426
1880 0.560319
1881 0.564276
1882 0.566959
1883 0.567587
1884 0.578127
1885 0.570024
1886 0.562222
1887 0.578143
1888 0.594149
1889 0.591627
1890 0.578716
1891 0.579986
1892 0.576386
1893 0.576982
1894 0.572295
1895 0.551833
1896 0.564188
1897 0.549413
1898 0.525137
1899 0.511409
1900 0.525384
1901 0.509526
1902 0.524766
1903 0.535027
1904 0.537821
1905 0.521838
1906 0.526412
1907 0.533904
1908 0.537020
1909 0.539538
1910 0.536419
1911 0.522390
1912 0.546655
1913 0.538630
1914 0.556326
1915 0.536856
1916 0.547342
1917 0.548609
1918 0.560317
1919 0.554439
1920 0.538873
1921 0.531929
1922 0.545413
1923 0.552545
1924 0.547819
1925 0.572027
1926 0.572047
1927 0.560561
1928 0.544596
1929 0.536645
1930 0.535340
1931 0.533843
1932 0.532969
1933 0.549795
1934 0.552316
1935 0.547104
1936 0.549907
1937 0.545264
1938 0.549453
1939 0.546903
1940 0.521599
1941 0.515065
1942 0.508064
1943 0.520855
1944 0.525028
1945 0.522360
1946 0.524947
1947 0.519993
1948 0.532987
1949 0.530572
1950 0.523841
1951 0.533996
1952 0.532379
1953 0.531622
1954 0.522168
1955 0.516409
1956 0.506546
1957 0.504829
1958 0.506150
1959 0.516175
1960 0.516049
1961 0.516638
1962 0.516307
1963 0.536545
1964 0.507615
1965 0.515562
1966 0.512897
1967 0.520244
1968 0.530953
1969 0.541947
1970 0.540241
1971 0.556070
1972 0.548039
1973 0.545421
1974 0.559588
1975 0.561895
1976 0.557925
1977 0.563093
1978 0.573101
1979 0.590679
1980 0.593788
1981 0.607291
1982 0.597206
1983 0.594914
1984 0.586718
1985 0.587863
1986 0.605573
1987 0.618561
1988 0.611888
1989 0.618557
1990 0.616762
1991 0.605701
1992 0.603177
1993 0.616194
1994 0.638146
1995 0.628353
1996 0.619915
1997 0.641521
1998 0.635142
1999 0.633042
2000 0.609585
2001 0.625446
2002 0.616479
2003 0.621206
2004 0.594374
2005 0.598338
2006 0.589326
2007 0.594154
2008 0.551246
2009 0.550050
2010 0.542655
2011 0.540615
2012 0.551585
2013 0.554591
2014 0.553473
2015 0.559908
2016 0.566624
2017 0.554538
2018 0.564523
2019 0.553284
2020 0.556946
2021 0.542625
2022 0.546264
2023 0.559725
2024 0.550859
2025 0.558330
2026 0.544941
2027 0.548475
2028 0.529245
2029 0.525272
2030 0.534777
2031 0.558138
2032 0.568173
2033 0.568382
2034 0.573377
2035 0.560523
2036 0.563196
2037 0.561743
2038 0.561559
2039 0.561541
2040 0.538273
2041 0.521719
2042 0.527729
2043 0.542389
2044 0.540191
2045 0.519374
2046 0.527943
2047 0.500597
2048 0.513837
2049 0.493165
2050 0.491766
2051 0.504118
2052 0.498664
2053 0.504637
2054 0.499931
2055 0.494563
2056 0.482812
2057 0.484802
2058 0.513519
2059 0.508157
2060 0.521685
2061 0.524458
2062 0.528073
2063 0.528455
2064 0.528120
2065 0.519116
2066 0.521332
2067 0.500113
2068 0.495700
2069 0.482186
2070 0.481839
2071 0.481725
2072 0.478516
2073 0.478722
2074 0.476840
2075 0.475118
2076 0.495449
2077 0.489888
2078 0.498586
2079 0.510559
2080 0.498572
2081 0.488102
2082 0.492603
2083 0.498674
2084 0.520086
2085 0.520050
2086 0.495686
2087 0.492910
2088 0.492709
2089 0.512791
2090 0.526212
2091 0.517670
2092 0.514803
2093 0.514617
2094 0.501456
2095 0.511257
2096 0.516511
2097 0.499942
2098 0.498270
2099 0.484381
2100 0.509988
2101 0.489228
2102 0.511752
2103 0.501801
2104 0.517958
2105 0.522380
2106 0.509973
2107 0.501949
2108 0.511281
2109 0.498856
2110 0.498855
2111 0.499030
2112 0.509975
2113 0.516264
2114 0.501888
2115 0.506863
2116 0.521420
2117 0.511773
2118 0.513536
2119 0.518010
2120 0.523752
2121 0.517022
2122 0.524780
2123 0.510634
2124 0.500578
2125 0.497762
2126 0.502342
2127 0.505522
2128 0.492368
2129 0.500556
2130 0.501189
2131 0.505497
2132 0.501347
2133 0.499807
2134 0.508198
2135 0.497767
2136 0.503714
2137 0.509543
2138 0.502723
2139 0.490909
2140 0.491085
2141 0.485310
2142 0.494409
2143 0.493132
2144 0.517431
2145 0.526520
2146 0.514141
2147 0.542238
2148 0.526560
2149 0.531891
2150 0.516140
2151 0.525141
2152 0.507793
2153 0.520906
2154 0.512017
2155 0.496701
2156 0.503464
2157 0.515838
2158 0.510516
2159 0.505056
2160 0.510725
2161 0.484730
2162 0.476599
2163 0.507563
2164 0.498330
2165 0.493771
2166 0.501023
2167 0.502279
2168 0.500958
2169 0.505570
2170 0.472552
2171 0.481736
2172 0.476139
2173 0.470625
2174 0.485635
2175 0.491861
2176 0.485521
2177 0.502933
2178 0.487910
2179 0.511289
2180 0.518099
2181 0.511984
2182 0.503088
2183 0.518120
2184 0.521301
2185 0.524409
2186 0.523386
2187 0.531831
2188 0.547248
2189 0.553242
2190 0.569989
2191 0.560361
2192 0.545099
2193 0.540384
2194 0.537288
2195 0.519388
2196 0.503979
2197 0.503171
2198 0.511419
2199 0.515640
2200 0.502748
2201 0.510883
2202 0.487339
2203 0.504692
2204 0.494694
2205 0.468268
2206 0.462505
2207 0.454654
2208 0.434856
2209 0.452157
2210 0.450313
2211 0.466033
2212 0.463225
2213 0.435588
2214 0.435424
2215 0.443289
2216 0.444215
2217 0.456539
2218 0.453906
2219 0.444591
2220 0.440979
2221 0.418811
2222 0.432008
2223 0.442254
2224 0.444810
2225 0.467069
2226 0.487865
2227 0.501052
2228 0.485759
2229 0.489432
2230 0.496429
2231 0.509500
2232 0.516311
2233 0.525903
2234 0.542752
2235 0.530267
2236 0.490490
2237 0.485888
2238 0.489204
2239 0.491813
2240 0.513953
2241 0.524545
2242 0.523750
2243 0.520954
2244 0.512357
2245 0.504419
2246 0.496008
2247 0.493252
2248 0.483842
2249 0.480909
2250 0.479126
2251 0.494365
2252 0.507641
2253 0.490697
2254 0.513499
2255 0.511278
2256 0.508484
2257 0.498912
2258 0.507328
2259 0.519685
2260 0.502926
2261 0.507443
2262 0.498926
2263 0.505316
2264 0.510117
2265 0.506253
2266 0.505278
2267 0.511821
2268 0.516475
2269 0.527804
2270 0.529374
2271 0.519972
2272 0.519314
2273 0.509183
2274 0.510861
2275 0.488505
2276 0.488845
2277 0.489318
2278 0.483571
2279 0.471079
2280 0.458947
2281 0.451036
2282 0.449440
2283 0.448546
2284 0.473069
2285 0.489334
2286 0.491381
2287 0.486761
2288 0.504233
2289 0.495251
2290 0.484322
2291 0.465917
2292 0.481086
2293 0.464060
2294 0.437895
2295 0.441247
2296 0.436475
2297 0.424996
2298 0.412932
2299 0.406334
2300 0.374606
2301 0.373277
2302 0.371274
2303 0.363424
2304 0.354934
2305 0.359726
2306 0.354967
2307 0.355231
2308 0.351267
2309 0.325167
2310 0.324617
2311 0.329058
2312 0.315265
2313 0.325979
2314 0.330339
2315 0.333282
2316 0.325006
2317 0.323100
2318 0.335718
2319 0.347507
2320 0.317934
2321 0.306064
2322 0.302062
2323 0.302979
2324 0.297357
2325 0.303519
2326 0.305590
2327 0.312970
2328 0.302130
2329 0.313363
2330 0.321709
2331 0.317380
2332 0.315731
2333 0.311326
2334 0.315683
2335 0.332851
2336 0.329407
2337 0.312897
2338 0.338784
2339 0.329417
2340 0.320948
2341 0.306254
2342 0.310897
2343 0.327780
2344 0.335246
2345 0.338044
2346 0.332110
2347 0.339005
2348 0.347039
2349 0.347387
2350 0.339329
2351 0.319343
2352 0.329458
2353 0.324769
2354 0.297613
2355 0.296286
2356 0.299783
2357 0.275859
2358 0.254762
2359 0.240800
2360 0.237969
2361 0.227161
2362 0.239017
2363 0.227635
2364 0.233363
2365 0.217560
2366 0.181108
2367 0.204097
2368 0.209316
2369 0.204883
2370 0.230716
2371 0.234587
2372 0.213777
2373 0.214072
2374 0.219042
2375 0.225061
2376 0.240705
2377 0.235888
2378 0.228907
2379 0.229220
2380 0.260936
2381 0.242143
2382 0.244820
2383 0.245722
2384 0.262799
2385 0.242571
2386 0.255440
2387 0.237024
2388 0.239379
2389 0.266218
2390 0.279620
2391 0.263339
2392 0.267015
2393 0.245745
2394 0.232993
2395 0.237151
2396 0.242891
2397 0.229066
2398 0.227369
2399 0.231808
2400 0.216834
2401 0.222328
2402 0.229359
2403 0.218398
2404 0.222609
2405 0.219109
2406 0.227196
2407 0.245083
2408 0.243594
2409 0.241679
2410 0.250527
2411 0.274001
2412 0.265963
2413 0.259748
2414 0.271654
2415 0.266329
2416 0.275105
2417 0.262905
2418 0.268717
2419 0.265884
2420 0.242041
2421 0