0.1 0.000116862
0.2 0.00011699
0.3 0.000116867
0.4 0.000117772
0.5 0.000116297
0.6 0.000116542
0.7 0.000117051
0.8 0.000116676
0.9 0.000116911
1 0.000115751
1.1 0.000116466
1.2 0.000116297
1.3 0.000116912
1.4 0.000116231
1.5 0.000116221
1.6 0.000116573
1.7 0.000118225
1.8 0.000116372
1.9 0.000117012
2 0.000115821
2.1 0.000116178
2.2 0.000116316
2.3 0.000116188
2.4 0.000117334
2.5 0.000117422
2.6 0.000116673
2.7 0.000116477
2.8 0.000116509
2.9 0.000116498
3 0.000116353
3.1 0.000116816
3.2 0.000116619
3.3 0.000115941
3.4 0.000116489
3.5 0.000116579
3.6 0.000116784
3.7 0.000116532
3.8 0.000116889
3.9 0.00011694
4 0.000116987
4.1 0.000115965
4.2 0.000115992
4.3 0.00011731
4.4 0.00011689
4.5 0.000116013
4.6 0.000116905
4.7 0.000116091
4.8 0.000116428
4.9 0.00011772
5 0.00011694

