0.1 64.0762
0.2 16.0518
0.3 7.05146
0.4 3.97734
0.5 2.54628
0.6 1.76961
0.7 1.29515
0.8 1.00643
0.9 0.825584
1 0.67546
1.1 0.587001
1.2 0.518103
1.3 0.466801
1.4 0.431113
1.5 0.397052
1.6 0.401708
1.7 0.380822
1.8 0.722633
1.9 0.803742
2 0.816374
2.1 1.30518
2.2 2.04902
2.3 1.19219
2.4 1.02787
2.5 0.743467
2.6 0.677479
2.7 0.55906
2.8 0.511537
2.9 0.432816
3 0.399731
3.1 0.35503
3.2 0.317173
3.3 0.29437
3.4 0.265762
3.5 0.243708
3.6 0.2318
3.7 0.207946
3.8 0.195582
3.9 0.183797
4 0.171036
4.1 0.159294
4.2 0.15251
4.3 0.141845
4.4 0.132017
4.5 0.127275
4.6 0.119318
4.7 0.113062
4.8 0.107876
4.9 0.102932
5 0.0970285
