0.1 0.979405
0.2 0.979151
0.3 0.979477
0.4 0.979023
0.5 0.979203
0.6 0.97906
0.7 0.97842
0.8 0.979471
0.9 0.978331
1 0.978825
1.1 0.977901
1.2 0.975936
1.3 0.975342
1.4 0.973564
1.5 0.972336
1.6 0.968269
1.7 0.966746
1.8 0.927236
1.9 0.910685
2 0.904614
2.1 0.811641
2.2 0.643455
2.3 0.475045
2.4 0.324888
2.5 0.148686
2.6 0.127341
2.7 0.117716
2.8 0.121142
2.9 0.0870097
3 0.0890656
3.1 0.0802694
3.2 0.0636655
3.3 0.0679298
3.4 0.0619424
3.5 0.0584337
3.6 0.0600166
3.7 0.0577248
3.8 0.0594928
3.9 0.0553735
4 0.0508233
4.1 0.0503158
4.2 0.0511041
4.3 0.047456
4.4 0.0436284
4.5 0.0452734
4.6 0.0465964
4.7 0.0420125
4.8 0.0453963
4.9 0.0417802
5 0.0416081

