0.1 0.474921
0.2 0.237891
0.3 0.158757
0.4 0.11895
0.5 0.0953131
0.6 0.0794629
0.7 0.0688473
0.8 0.0595054
0.9 0.0585056
1 0.0526855
1.1 0.0522325
1.2 0.0534283
1.3 0.0549706
1.4 0.057303
1.5 0.061026
1.6 0.0750852
1.7 0.0821044
1.8 0.246122
1.9 0.388818
2 0.489219
2.1 2.69863
2.2 28.5477
2.3 25.6857
2.4 15.3799
2.5 5.11593
2.6 4.20374
2.7 2.64559
2.8 2.22751
2.9 1.52837
3 1.37596
3.1 1.10348
3.2 0.894746
3.3 0.828001
3.4 0.699091
3.5 0.611444
3.6 0.570456
3.7 0.510166
3.8 0.454708
3.9 0.429358
4 0.384426
4.1 0.34796
4.2 0.333589
4.3 0.305705
4.4 0.284478
4.5 0.26883
4.6 0.257149
4.7 0.240276
4.8 0.230229
4.9 0.215019
5 0.206198
