1 1
2 0.970853
3 0.943068
4 0.916752
5 0.891527
6 0.867247
7 0.843509
8 0.820749
9 0.7986
10 0.777178
11 0.756751
12 0.736971
13 0.718061
14 0.699926
15 0.682346
16 0.665223
17 0.64846
18 0.631823
19 0.615893
20 0.600498
21 0.585713
22 0.571382
23 0.557427
24 0.54365
25 0.530265
26 0.517069
27 0.504666
28 0.492582
29 0.480724
30 0.46943
31 0.458286
32 0.447412
33 0.436967
34 0.426849
35 0.416694
36 0.406517
37 0.396465
38 0.386375
39 0.376313
40 0.365908
41 0.355762
42 0.345912
43 0.336033
44 0.326666
45 0.317557
46 0.308697
47 0.300109
48 0.291742
49 0.283796
50 0.276232
51 0.269174
52 0.262689
53 0.255998
54 0.249228
55 0.242694
56 0.236561
57 0.230435
58 0.224505
59 0.218953
60 0.213808
61 0.208986
62 0.204075
63 0.199426
64 0.195215
65 0.190727
66 0.186657
67 0.183236
68 0.1797
69 0.176498
70 0.173275
71 0.170358
72 0.167506
73 0.164724
74 0.161889
75 0.159074
76 0.156483
77 0.154071
78 0.15161
79 0.149189
80 0.146731
81 0.144392
82 0.142206
83 0.139992
84 0.137875
85 0.13596
86 0.133852
87 0.13178
88 0.129697
89 0.127698
90 0.125487
91 0.123047
92 0.120631
93 0.118414
94 0.116446
95 0.114242
96 0.111625
97 0.108978
98 0.106358
99 0.103943
100 0.101798
101 0.0995746
102 0.0972197
103 0.0946414
104 0.0922116
105 0.0898925
106 0.0878707
107 0.0862391
108 0.0847208
109 0.0829922
110 0.0813656
111 0.0796489
112 0.0777822
113 0.075919
114 0.0742595
115 0.0724302
116 0.0707879
117 0.0693013
118 0.0677809
119 0.0661613
120 0.0644342
121 0.0626674
122 0.0605629
123 0.0584808
124 0.0566279
125 0.0546076
126 0.0526739
127 0.0510814
128 0.0497944
129 0.0483625
130 0.0471984
131 0.0461227
132 0.0450854
133 0.04396
134 0.0428976
135 0.0420551
136 0.0412676
137 0.0405575
138 0.0399843
139 0.0390823
140 0.0381436
141 0.0371088
142 0.0360331
143 0.0352859
144 0.0346736
145 0.0340303
146 0.0331981
147 0.0323619
148 0.0314725
149 0.0305417
150 0.0295785
151 0.0285441
152 0.0275221
153 0.0264111
154 0.0252868
155 0.0244208
156 0.0235847
157 0.0225911
158 0.0217413
159 0.0206393
160 0.0194892
161 0.0182413
162 0.0172925
163 0.0161816
164 0.0148485
165 0.0137347
166 0.0126566
167 0.0115374
168 0.0107142
169 0.00992415
170 0.00923382
171 0.00839577
172 0.00740691
173 0.00677821
174 0.00647811
175 0.00603593
176 0.00589851
177 0.00584878
178 0.0062124
179 0.00651882
180 0.00700123
181 0.00755518
182 0.00816583
183 0.00888869
184 0.0095286
185 0.00999504
186 0.0104554
187 0.0110896
188 0.0117546
189 0.0121403
190 0.0122071
191 0.0122261
192 0.0123624
193 0.0122667
194 0.0123104
195 0.0123754
196 0.0122779
197 0.0122382
198 0.0121474
199 0.0119677
200 0.0114863
201 0.0109191
202 0.0103385
203 0.00949183
204 0.00879531
205 0.00832028
206 0.00799951
207 0.0074965
208 0.00676294
209 0.00593414
210 0.00487217
211 0.00408825
212 0.00304215
213 0.00219951
214 0.0014332
215 0.000555976

