1 1
2 0.655131
3 0.491901
4 0.395069
5 0.330908
6 0.28648
7 0.249394
8 0.22135
9 0.202305
10 0.182537
11 0.168222
12 0.153609
13 0.143613
14 0.134386
15 0.123366
16 0.114846
17 0.106551
18 0.0994432
19 0.0952917
20 0.0907292
21 0.089496
22 0.0853306
23 0.0828074
24 0.0782874
25 0.0744254
26 0.0687508
27 0.0636522
28 0.0615655
29 0.059252
30 0.0562971
31 0.0538178
32 0.052285
33 0.0524143
34 0.049269
35 0.0498961
36 0.0484457
37 0.0475482
38 0.0486254
39 0.0458423
40 0.0436698
41 0.0407406
42 0.0395554
43 0.0358551
44 0.0339479
45 0.0328022
46 0.0282382
47 0.0259191
48 0.0245511
49 0.0231906
50 0.0214051
51 0.0185806
52 0.0184096
53 0.0190743
54 0.0168127
55 0.0155217
56 0.0163748
57 0.0184377
58 0.0170485
59 0.0166088
60 0.0148761
61 0.0122657
62 0.0112461
63 0.0124433
64 0.0155632
65 0.0175294
66 0.0184104
67 0.0190425
68 0.0203928
69 0.0222328
70 0.0181175
71 0.0195475
72 0.0200089
73 0.0185965
74 0.018727
75 0.0168759
76 0.0172532
77 0.0171741
78 0.0165101
79 0.0173258
80 0.0183219
81 0.0166843
82 0.0174944
83 0.0180615
84 0.0173776
85 0.0174947
86 0.0210981
87 0.0211999
88 0.0188211
89 0.018407
90 0.0163616
91 0.0187438
92 0.0194962
93 0.0214938
94 0.0218665
95 0.0214576
96 0.0214702
97 0.0219376
98 0.0234861
99 0.023018
100 0.0219613
101 0.0215983
102 0.0229198
103 0.0225878
104 0.021516
105 0.0198107
106 0.017852
107 0.0164695
108 0.0156063
109 0.0120439
110 0.0111711
111 0.0129557
112 0.0134034
113 0.00968217
114 0.00760011
115 0.00529853
116 0.0040601
117 0.00187225
