1 1
2 0.804372
3 0.653051
4 0.533805
5 0.439867
6 0.362502
7 0.299626
8 0.247622
9 0.204887
10 0.16864
11 0.13818
12 0.11231
13 0.0904583
14 0.0734118
15 0.0595138
16 0.0504386
17 0.0431814
18 0.0359077
19 0.03016
20 0.0249112
21 0.0221161
22 0.0188135
23 0.0180898
24 0.0173822
25 0.0171317
26 0.0174196
27 0.0173301
28 0.0169277
29 0.0176851
30 0.0190422
31 0.0202783
32 0.016445
33 0.0132917
34 0.00778529
35 0.00526935
36 0.00356491
37 0.00300224
38 0.00345827
39 0.00411481
40 0.00475394
41 0.00527793
42 0.0068211
43 0.00586983
44 0.00306538
45 0.00140273
46 4.34806e-05
